9.9999714139198270E-001   0.825678
9.9999732045074105E-002   0.10627
1.4999962143319018E-001   0.158019
1.9999953067035794E-001   0.197087
2.4999942497191377E-001   0.232827
2.9999932386586736E-001   0.265839
3.0999929923021796E-001   0.27205
3.1999928714961801E-001   0.278169
3.2999927424361597E-001   0.284218
3.3999923434139301E-001   0.290205
3.4999926498014577E-001   0.297772
3.5999923668107781E-001   0.304276
3.6999922235295241E-001   0.311212
3.7999920125829328E-001   0.318136
3.8999917605166101E-001   0.325325
3.9999915443975498E-001   0.332757
4.4999902637693134E-001   0.372564
4.9999889821731497E-001   0.414656
5.4999877580010925E-001   0.45501
5.9999864119014978E-001   0.493994
6.4999850525031611E-001   0.532241
6.9999834936563610E-001   0.571473
7.4999818409187446E-001   0.613245
7.9999799803904426E-001   0.65741
8.4999777159584056E-001   0.702316
8.9999752836756741E-001   0.746034
9.1999743313296745E-001   0.763095
9.3999738670106525E-001   0.779636
9.5999726063021262E-001   0.796648
9.7999723738146960E-001   0.811482
9.9999714139198270E-001   0.825678
1.0199970644585004E+000   0.839191
1.0399969454254017E+000   0.85148
1.0599968465522029E+000   0.862252
1.0799967669773818E+000   0.870657
1.0999966451291825E+000   0.876893
1.1199965923884603E+000   0.881459
1.1399964758040149E+000   0.885143
1.1599963758167517E+000   0.888629
1.1799962691992130E+000   0.89195
1.1999961592641863E+000   0.895203
1.2199960692310443E+000   0.898376
1.2399959967619454E+000   0.901486
1.2599959316470171E+000   0.904614
1.2799958016549871E+000   0.907659
1.2999957058532601E+000   0.91071
1.3199956349765332E+000   0.913697
1.3399955546324178E+000   0.916726
1.3599954564670960E+000   0.919726
1.3799953421695033E+000   0.922692
1.3999952271032241E+000   0.925688
1.4199951395678256E+000   0.928658
1.4399950762108347E+000   0.931593
1.4599950065193092E+000   0.934554
1.4799949078085022E+000   0.937482
1.4999947760349235E+000   0.940427
1.5199947494774018E+000   0.943351
1.5399946424428916E+000   0.946235
1.5599944833249735E+000   0.949183
1.5799944839643933E+000   0.952031
1.5999943020376066E+000   0.954932
1.6199942949933488E+000   0.957756
1.6399941241313021E+000   0.960614
1.6599940588127617E+000   0.963407
1.6799939881166930E+000   0.966208
1.6999939354973808E+000   0.969055
1.7199938275051843E+000   0.971807
1.7399937297602217E+000   0.974581
1.7599936268245446E+000   0.977296
1.7799934802900914E+000   0.980092
1.7999933824612722E+000   0.982817
1.8199933502034762E+000   0.985436
1.8399932425484564E+000   0.988078
1.8599931511791223E+000   0.990733
1.8799930524144020E+000   0.993328
1.8999930067593369E+000   0.995978
1.9199928549353178E+000   0.99852
1.9399927508078558E+000   1.00108
1.9599926689100149E+000   1.00362
1.9799925985356195E+000   1.00614
1.9999924372438997E+000   1.00867
2.0199923617232551E+000   1.01108
2.0399922527624912E+000   1.01358
2.0599922599079243E+000   1.01601
2.0799920690606122E+000   1.01835
2.0999919769302107E+000   1.02073
2.1199918980312162E+000   1.02306
2.1399917557420736E+000   1.02544
2.1599917340057710E+000   1.0277
2.1799916776565134E+000   1.03005
2.1999915221993729E+000   1.03226
2.2199914330896631E+000   1.03451
2.2399913480506757E+000   1.03678
2.2599912667029272E+000   1.03904
2.2799911191505355E+000   1.04125
2.2999910226864526E+000   1.04349
2.3199910040624716E+000   1.04581
2.3399908702394279E+000   1.04796
2.3599908027475092E+000   1.05023
2.3799906684409144E+000   1.05241
2.3999905952884082E+000   1.0547
2.4199904335862850E+000   1.05696
2.4399903069532232E+000   1.05929
2.4599903226882267E+000   1.06154
2.4799901981611470E+000   1.0638
2.4999900316938897E+000   1.06623
2.5199900403587336E+000   1.06854
2.5399898991039631E+000   1.07088
2.5599898321572923E+000   1.0733
2.5799897724377652E+000   1.0758
2.5999896562006861E+000   1.07823
2.6199895046511750E+000   1.08076
2.6399894233282493E+000   1.08327
2.6599893509949926E+000   1.08582
2.6799892909756116E+000   1.08842
2.6999891909509803E+000   1.09104
2.7199890613083477E+000   1.09374
2.7399890679521386E+000   1.09658
2.7599888648785229E+000   1.09924
2.7799888637614907E+000   1.10196
2.7999887385829614E+000   1.10471
2.9999878771781443E+000   1.13456
3.1999869588762362E+000   1.16734
3.3999861043603765E+000   1.20244
3.5999852100735303E+000   1.23909
3.7999841831893097E+000   1.27663
3.9999832781208062E+000   1.31463
4.1999823872673492E+000   1.35291
4.3999814388297702E+000   1.39148
4.5999805711213222E+000   1.43006
4.7999795567059236E+000   1.46856
4.9999786833866491E+000   1.50661
5.1999776770666859E+000   1.54467
5.3999768091625748E+000   1.58219
5.5999758932118757E+000   1.61988
5.7999749427290563E+000   1.6567
5.9999739100363643E+000   1.6935
6.1999730279902003E+000   1.72991
6.3999721051580742E+000   1.76605
6.5999710508426928E+000   1.80188
6.7999700605240143E+000   1.83731
6.9999691176665069E+000   1.87223
7.1999681607495516E+000   1.907
7.3999670499320018E+000   1.94141
7.5999659783421318E+000   1.97549
7.7999648770101704E+000   2.00944
7.9999635100429449E+000   2.04265
8.9999411916121392E+000   2.20511
9.9997866122508690E+000   2.35992
1.0999724942870696E+001   2.50759
1.1999653118404389E+001   2.64905
1.2999570408030863E+001   2.78498
1.3999476131142488E+001   2.91555
1.4999370683814437E+001   3.04104
1.5999257466431107E+001   3.16288
1.6999133743637078E+001   3.28033
1.7998998584765417E+001   3.39411
1.8998852112800549E+001   3.5046
1.9998697040974555E+001   3.61176
2.1998353343440900E+001   3.81775
2.3997963945037405E+001   4.01353
2.5997534624256680E+001   4.20086
2.7997060305387517E+001   4.38046
2.9996537915893775E+001   4.5535
3.1996124463660625E+001   4.72071
3.3995713054670418E+001   4.88271
3.5995344164435735E+001   5.03986
3.7995052617077526E+001   5.19289
3.9994757841806283E+001   5.34204
4.4994292987386658E+001   5.69907
4.9994161097731435E+001   6.03752
5.4994405586636560E+001   6.35976
5.9994394437003223E+001   6.66898
6.4995223827267793E+001   6.96684
6.9995863683990294E+001   7.25453
7.4996131670770339E+001   7.53262
7.9997026590322776E+001   7.80286
8.4997679188665927E+001   8.06611
8.9997578881882276E+001   8.32199
9.4997331124733975E+001   8.5711
9.9997284587182889E+001   8.81502
1.0499728742570660E+002   9.05441
1.0999717931392770E+002   9.28791
1.1499704311148049E+002   9.51717
1.1999680115739613E+002   9.74151
1.2499656478298951E+002   9.96176
1.2999653328536661E+002   10.1796
1.3499637147376714E+002   10.3926
1.3999615010656586E+002   10.6011
1.4499609719913923E+002   10.8072
1.4999584858660026E+002   11.0078
1.7499539390522420E+002   11.9748
1.9999500708715445E+002   12.8806
2.2499411992776268E+002   13.7356
2.4999329845381251E+002   14.5467
2.7499246083126116E+002   15.3199
2.9999165534649285E+002   16.0599
